1.103999999999999947e-03 1.103999999999999947e-03 1.103999999999999947e-03 1.103999999999999947e-03 1.103999999999999947e-03 1.103999999999999947e-03 1.103999999999999947e-03 1.103999999999999947e-03 1.103999999999999947e-03
1.103999999999999947e-03 1.103999999999999947e-03 1.103999999999999947e-03 1.103999999999999947e-03 1.103999999999999947e-03 1.103999999999999947e-03 1.103999999999999947e-03 1.103999999999999947e-03 1.103999999999999947e-03
1.103999999999999947e-03 1.103999999999999947e-03 1.103999999999999947e-03 1.103999999999999947e-03 1.103999999999999947e-03 1.103999999999999947e-03 1.103999999999999947e-03 1.103999999999999947e-03 1.103999999999999947e-03
1.103999999999999947e-03 1.103999999999999947e-03 1.103999999999999947e-03 1.103999999999999947e-03 1.103999999999999947e-03 1.103999999999999947e-03 1.103999999999999947e-03 1.103999999999999947e-03 1.103999999999999947e-03
1.103999999999999947e-03 1.103999999999999947e-03 1.103999999999999947e-03 1.103999999999999947e-03 1.103999999999999947e-03 1.103999999999999947e-03 1.103999999999999947e-03 1.103999999999999947e-03 1.103999999999999947e-03
1.103999999999999947e-03 1.103999999999999947e-03 1.103999999999999947e-03 1.103999999999999947e-03 1.103999999999999947e-03 1.103999999999999947e-03 1.103999999999999947e-03 1.103999999999999947e-03 1.103999999999999947e-03
1.103999999999999947e-03 1.103999999999999947e-03 1.103999999999999947e-03 1.103999999999999947e-03 1.103999999999999947e-03 1.103999999999999947e-03 1.103999999999999947e-03 1.103999999999999947e-03 1.103999999999999947e-03
1.103999999999999947e-03 1.103999999999999947e-03 1.103999999999999947e-03 1.103999999999999947e-03 1.103999999999999947e-03 1.103999999999999947e-03 1.103999999999999947e-03 1.103999999999999947e-03 1.103999999999999947e-03
1.103999999999999947e-03 1.103999999999999947e-03 1.103999999999999947e-03 1.103999999999999947e-03 1.103999999999999947e-03 1.103999999999999947e-03 1.103999999999999947e-03 1.103999999999999947e-03 1.103999999999999947e-03
1.103999999999999947e-03 1.103999999999999947e-03 1.103999999999999947e-03 1.103999999999999947e-03 1.103999999999999947e-03 1.103999999999999947e-03 1.103999999999999947e-03 1.103999999999999947e-03 1.103999999999999947e-03
1.103999999999999947e-03 1.103999999999999947e-03 1.103999999999999947e-03 1.103999999999999947e-03 1.103999999999999947e-03 1.103999999999999947e-03 1.103999999999999947e-03 1.103999999999999947e-03 1.103999999999999947e-03
1.103999999999999947e-03 1.103999999999999947e-03 1.103999999999999947e-03 1.103999999999999947e-03 1.103999999999999947e-03 1.103999999999999947e-03 1.103999999999999947e-03 1.103999999999999947e-03 1.103999999999999947e-03
1.103999999999999947e-03 1.103999999999999947e-03 1.103999999999999947e-03 1.103999999999999947e-03 1.103999999999999947e-03 1.103999999999999947e-03 1.103999999999999947e-03 1.103999999999999947e-03 1.103999999999999947e-03
1.103999999999999947e-03 1.103999999999999947e-03 1.103999999999999947e-03 1.103999999999999947e-03 1.103999999999999947e-03 1.103999999999999947e-03 1.103999999999999947e-03 1.103999999999999947e-03 1.103999999999999947e-03
1.103999999999999947e-03 1.103999999999999947e-03 1.103999999999999947e-03 1.103999999999999947e-03 1.103999999999999947e-03 1.103999999999999947e-03 1.103999999999999947e-03 1.103999999999999947e-03 1.103999999999999947e-03
1.103999999999999947e-03 1.103999999999999947e-03 1.103999999999999947e-03 1.103999999999999947e-03 1.103999999999999947e-03 1.103999999999999947e-03 1.103999999999999947e-03 1.103999999999999947e-03 1.103999999999999947e-03
1.103999999999999947e-03 1.103999999999999947e-03 1.103999999999999947e-03 1.103999999999999947e-03 1.103999999999999947e-03 1.103999999999999947e-03 1.103999999999999947e-03 1.103999999999999947e-03 1.103999999999999947e-03
1.103999999999999947e-03 1.103999999999999947e-03 1.103999999999999947e-03 1.103999999999999947e-03 1.103999999999999947e-03 1.103999999999999947e-03 1.103999999999999947e-03 1.103999999999999947e-03 1.103999999999999947e-03
1.103999999999999947e-03 1.103999999999999947e-03 1.103999999999999947e-03 1.103999999999999947e-03 1.103999999999999947e-03 1.103999999999999947e-03 1.103999999999999947e-03 1.103999999999999947e-03 1.103999999999999947e-03
1.103999999999999947e-03 1.103999999999999947e-03 1.103999999999999947e-03 1.103999999999999947e-03 1.103999999999999947e-03 1.103999999999999947e-03 1.103999999999999947e-03 1.103999999999999947e-03 1.103999999999999947e-03
1.103999999999999947e-03 1.103999999999999947e-03 1.103999999999999947e-03 1.103999999999999947e-03 1.103999999999999947e-03 1.103999999999999947e-03 1.103999999999999947e-03 1.103999999999999947e-03 1.103999999999999947e-03
