   6.000000E-03   6.000000E-03   6.000000E-03   6.000000E-03   6.000000E-03   6.000000E-03   6.000000E-03   6.000000E-03   6.000000E-03
   6.000000E-03   6.000000E-03   6.000000E-03   6.000000E-03   6.000000E-03   6.000000E-03   6.000000E-03   6.000000E-03   6.000000E-03
   6.000000E-03   6.000000E-03   6.000000E-03   6.000000E-03   6.000000E-03   6.000000E-03   6.000000E-03   6.000000E-03   6.000000E-03
   6.000000E-03   6.000000E-03   6.000000E-03   6.000000E-03   6.000000E-03   6.000000E-03   6.000000E-03   6.000000E-03   6.000000E-03
   6.000000E-03   6.000000E-03   6.000000E-03   6.000000E-03   6.000000E-03   6.000000E-03   6.000000E-03   6.000000E-03   6.000000E-03
   6.000000E-03   6.000000E-03   6.000000E-03   6.000000E-03   6.000000E-03   6.000000E-03   6.000000E-03   6.000000E-03   6.000000E-03
   6.000000E-03   6.000000E-03   6.000000E-03   6.000000E-03   6.000000E-03   6.000000E-03   6.000000E-03   6.000000E-03   6.000000E-03
   6.000000E-03   6.000000E-03   6.000000E-03   6.000000E-03   6.000000E-03   6.000000E-03   6.000000E-03   6.000000E-03   6.000000E-03
   6.000000E-03   6.000000E-03   6.000000E-03   6.000000E-03   6.000000E-03   6.000000E-03   6.000000E-03   6.000000E-03   6.000000E-03
   6.000000E-03   6.000000E-03   6.000000E-03   6.000000E-03   6.000000E-03   6.000000E-03   6.000000E-03   6.000000E-03   6.000000E-03
   6.000000E-03   6.000000E-03   6.000000E-03   6.000000E-03   6.000000E-03   6.000000E-03   6.000000E-03   6.000000E-03   6.000000E-03
   6.000000E-03   6.000000E-03   6.000000E-03   6.000000E-03   6.000000E-03   6.000000E-03   6.000000E-03   6.000000E-03   6.000000E-03
   6.000000E-03   6.000000E-03   6.000000E-03   6.000000E-03   6.000000E-03   6.000000E-03   6.000000E-03   6.000000E-03   6.000000E-03
   6.000000E-03   6.000000E-03   6.000000E-03   6.000000E-03   6.000000E-03   6.000000E-03   6.000000E-03   6.000000E-03   6.000000E-03
   6.000000E-03   6.000000E-03   6.000000E-03   6.000000E-03   6.000000E-03   6.000000E-03   6.000000E-03   6.000000E-03   6.000000E-03
   6.000000E-03   6.000000E-03   6.000000E-03   6.000000E-03   6.000000E-03   6.000000E-03   6.000000E-03   6.000000E-03   6.000000E-03
   6.000000E-03   6.000000E-03   6.000000E-03   6.000000E-03   6.000000E-03   6.000000E-03   6.000000E-03   6.000000E-03   6.000000E-03
   6.000000E-03   6.000000E-03   6.000000E-03   6.000000E-03   6.000000E-03   6.000000E-03   6.000000E-03   6.000000E-03   6.000000E-03
   6.000000E-03   6.000000E-03   6.000000E-03   6.000000E-03   6.000000E-03   6.000000E-03   6.000000E-03   6.000000E-03   6.000000E-03
   6.000000E-03   6.000000E-03   6.000000E-03   6.000000E-03   6.000000E-03   6.000000E-03   6.000000E-03   6.000000E-03   6.000000E-03
   6.000000E-03   6.000000E-03   6.000000E-03   6.000000E-03   6.000000E-03   6.000000E-03   6.000000E-03   6.000000E-03   6.000000E-03
