   8.000000E-03   8.000000E-03   8.000000E-03   8.000000E-03   8.000000E-03   8.000000E-03   8.000000E-03   8.000000E-03   8.000000E-03
   8.000000E-03   8.000000E-03   8.000000E-03   8.000000E-03   8.000000E-03   8.000000E-03   8.000000E-03   8.000000E-03   8.000000E-03
   8.000000E-03   8.000000E-03   8.000000E-03   8.000000E-03   8.000000E-03   8.000000E-03   8.000000E-03   8.000000E-03   8.000000E-03
   8.000000E-03   8.000000E-03   8.000000E-03   8.000000E-03   8.000000E-03   8.000000E-03   8.000000E-03   8.000000E-03   8.000000E-03
   8.000000E-03   8.000000E-03   8.000000E-03   8.000000E-03   8.000000E-03   8.000000E-03   8.000000E-03   8.000000E-03   8.000000E-03
   8.000000E-03   8.000000E-03   8.000000E-03   8.000000E-03   8.000000E-03   8.000000E-03   8.000000E-03   8.000000E-03   8.000000E-03
   8.000000E-03   8.000000E-03   8.000000E-03   8.000000E-03   8.000000E-03   8.000000E-03   8.000000E-03   8.000000E-03   8.000000E-03
   8.000000E-03   8.000000E-03   8.000000E-03   8.000000E-03   8.000000E-03   8.000000E-03   8.000000E-03   8.000000E-03   8.000000E-03
   8.000000E-03   8.000000E-03   8.000000E-03   8.000000E-03   8.000000E-03   8.000000E-03   8.000000E-03   8.000000E-03   8.000000E-03
   8.000000E-03   8.000000E-03   8.000000E-03   8.000000E-03   8.000000E-03   8.000000E-03   8.000000E-03   8.000000E-03   8.000000E-03
   8.000000E-03   8.000000E-03   8.000000E-03   8.000000E-03   8.000000E-03   8.000000E-03   8.000000E-03   8.000000E-03   8.000000E-03
   8.000000E-03   8.000000E-03   8.000000E-03   8.000000E-03   8.000000E-03   8.000000E-03   8.000000E-03   8.000000E-03   8.000000E-03
   8.000000E-03   8.000000E-03   8.000000E-03   8.000000E-03   8.000000E-03   8.000000E-03   8.000000E-03   8.000000E-03   8.000000E-03
   8.000000E-03   8.000000E-03   8.000000E-03   8.000000E-03   8.000000E-03   8.000000E-03   8.000000E-03   8.000000E-03   8.000000E-03
   8.000000E-03   8.000000E-03   8.000000E-03   8.000000E-03   8.000000E-03   8.000000E-03   8.000000E-03   8.000000E-03   8.000000E-03
   8.000000E-03   8.000000E-03   8.000000E-03   8.000000E-03   8.000000E-03   8.000000E-03   8.000000E-03   8.000000E-03   8.000000E-03
   8.000000E-03   8.000000E-03   8.000000E-03   8.000000E-03   8.000000E-03   8.000000E-03   8.000000E-03   8.000000E-03   8.000000E-03
   8.000000E-03   8.000000E-03   8.000000E-03   8.000000E-03   8.000000E-03   8.000000E-03   8.000000E-03   8.000000E-03   8.000000E-03
   8.000000E-03   8.000000E-03   8.000000E-03   8.000000E-03   8.000000E-03   8.000000E-03   8.000000E-03   8.000000E-03   8.000000E-03
   8.000000E-03   8.000000E-03   8.000000E-03   8.000000E-03   8.000000E-03   8.000000E-03   8.000000E-03   8.000000E-03   8.000000E-03
   8.000000E-03   8.000000E-03   8.000000E-03   8.000000E-03   8.000000E-03   8.000000E-03   8.000000E-03   8.000000E-03   8.000000E-03
