    1100.00000000    1100.00000000    1100.00000000    1100.00000000    1100.00000000    1100.00000000    1100.00000000    1100.00000000    1100.00000000
    1100.00000000    1100.00000000    1100.00000000    1100.00000000    1100.00000000    1100.00000000    1100.00000000    1100.00000000    1100.00000000
    1100.00000000    1100.00000000    1100.00000000    1100.00000000    1100.00000000    1100.00000000    1100.00000000    1100.00000000    1100.00000000
    1100.00000000    1100.00000000    1100.00000000    1100.00000000    1100.00000000    1100.00000000    1100.00000000    1100.00000000    1100.00000000
    1100.00000000    1100.00000000    1100.00000000    1100.00000000    1100.00000000    1100.00000000    1100.00000000    1100.00000000    1100.00000000
    1100.00000000    1100.00000000    1100.00000000    1100.00000000    1100.00000000    1100.00000000    1100.00000000    1100.00000000    1100.00000000
    1100.00000000    1100.00000000    1100.00000000    1100.00000000    1100.00000000    1100.00000000    1100.00000000    1100.00000000    1100.00000000
    1100.00000000    1100.00000000    1100.00000000    1100.00000000    1100.00000000    1100.00000000    1100.00000000    1100.00000000    1100.00000000
    1100.00000000    1100.00000000    1100.00000000    1100.00000000    1100.00000000    1100.00000000    1100.00000000    1100.00000000    1100.00000000
    1100.00000000    1100.00000000    1100.00000000    1100.00000000    1100.00000000    1100.00000000    1100.00000000    1100.00000000    1100.00000000
    1100.00000000    1100.00000000    1100.00000000    1100.00000000    1100.00000000    1100.00000000    1100.00000000    1100.00000000    1100.00000000
    1100.00000000    1100.00000000    1100.00000000    1100.00000000    1100.00000000    1100.00000000    1100.00000000    1100.00000000    1100.00000000
    1100.00000000    1100.00000000    1100.00000000    1100.00000000    1100.00000000    1100.00000000    1100.00000000    1100.00000000    1100.00000000
    1100.00000000    1100.00000000    1100.00000000    1100.00000000    1100.00000000    1100.00000000    1100.00000000    1100.00000000    1100.00000000
    1100.00000000    1100.00000000    1100.00000000    1100.00000000    1100.00000000    1100.00000000    1100.00000000    1100.00000000    1100.00000000
    1100.00000000    1100.00000000    1100.00000000    1100.00000000    1100.00000000    1100.00000000    1100.00000000    1100.00000000    1100.00000000
    1100.00000000    1100.00000000    1100.00000000    1100.00000000    1100.00000000    1100.00000000    1100.00000000    1100.00000000    1100.00000000
    1100.00000000    1100.00000000    1100.00000000    1100.00000000    1100.00000000    1100.00000000    1100.00000000    1100.00000000    1100.00000000
    1100.00000000    1100.00000000    1100.00000000    1100.00000000    1100.00000000    1100.00000000    1100.00000000    1100.00000000    1100.00000000
    1100.00000000    1100.00000000    1100.00000000    1100.00000000    1100.00000000    1100.00000000    1100.00000000    1100.00000000    1100.00000000
    1100.00000000    1100.00000000    1100.00000000    1100.00000000    1100.00000000    1100.00000000    1100.00000000    1100.00000000    1100.00000000
