    1000.00000000    1000.00000000    1000.00000000    1000.00000000    1000.00000000    1000.00000000    1000.00000000    1000.00000000    1000.00000000
    1100.00000000    1100.00000000    1100.00000000    1100.00000000    1100.00000000    1100.00000000    1100.00000000    1100.00000000    1100.00000000
    1100.00000000    1100.00000000    1100.00000000    1100.00000000    1100.00000000    1100.00000000    1100.00000000    1100.00000000    1100.00000000
    1100.00000000    1100.00000000    1100.00000000    1100.00000000    1100.00000000    1100.00000000    1100.00000000    1100.00000000    1100.00000000
    1100.00000000    1100.00000000    1100.00000000    1100.00000000    1100.00000000    1100.00000000    1100.00000000    1100.00000000    1100.00000000
    1100.00000000    1100.00000000    1100.00000000    1100.00000000    1100.00000000    1100.00000000    1100.00000000    1100.00000000    1100.00000000
    1100.00000000    1100.00000000    1100.00000000    1100.00000000    1100.00000000    1100.00000000    1100.00000000    1100.00000000    1100.00000000
    1100.00000000    1100.00000000    1100.00000000    1100.00000000    1100.00000000    1100.00000000    1100.00000000    1100.00000000    1100.00000000
    1100.00000000    1100.00000000    1100.00000000    1100.00000000    1100.00000000    1100.00000000    1100.00000000    1100.00000000    1100.00000000
    1100.00000000    1100.00000000    1100.00000000    1100.00000000    1100.00000000    1100.00000000    1100.00000000    1100.00000000    1100.00000000
    1100.00000000    1100.00000000    1100.00000000    1100.00000000    1100.00000000    1100.00000000    1100.00000000    1100.00000000    1100.00000000
    1100.00000000    1100.00000000    1100.00000000    1100.00000000    1100.00000000    1100.00000000    1100.00000000    1100.00000000    1100.00000000
    1100.00000000    1100.00000000    1100.00000000    1100.00000000    1100.00000000    1100.00000000    1100.00000000    1100.00000000    1100.00000000
    1100.00000000    1100.00000000    1100.00000000    1100.00000000    1100.00000000    1100.00000000    1100.00000000    1100.00000000    1100.00000000
    1100.00000000    1100.00000000    1100.00000000    1100.00000000    1100.00000000    1100.00000000    1100.00000000    1100.00000000    1100.00000000
    1100.00000000    1100.00000000    1100.00000000    1100.00000000    1100.00000000    1100.00000000    1100.00000000    1100.00000000    1100.00000000
    1100.00000000    1100.00000000    1100.00000000    1100.00000000    1100.00000000    1100.00000000    1100.00000000    1100.00000000    1100.00000000
    1100.00000000    1100.00000000    1100.00000000    1100.00000000    1100.00000000    1100.00000000    1100.00000000    1100.00000000    1100.00000000
    1100.00000000    1100.00000000    1100.00000000    1100.00000000    1100.00000000    1100.00000000    1100.00000000    1100.00000000    1100.00000000
    1100.00000000    1100.00000000    1100.00000000    1100.00000000    1100.00000000    1100.00000000    1100.00000000    1100.00000000    1100.00000000
    1000.00000000    1000.00000000    1000.00000000    1000.00000000    1000.00000000    1000.00000000    1000.00000000    1000.00000000    1000.00000000
