   1.104000E-03   1.104000E-03   1.104000E-03   1.104000E-03   1.104000E-03   1.104000E-03   1.104000E-03   1.104000E-03   1.104000E-03
   1.104000E-03   1.104000E-03   1.104000E-03   1.104000E-03   1.104000E-03   1.104000E-03   1.104000E-03   1.104000E-03   1.104000E-03
   1.104000E-03   1.104000E-03   1.104000E-03   1.104000E-03   1.104000E-03   1.104000E-03   1.104000E-03   1.104000E-03   1.104000E-03
   1.104000E-03   1.104000E-03   1.104000E-03   1.104000E-03   1.104000E-03   1.104000E-03   1.104000E-03   1.104000E-03   1.104000E-03
   1.104000E-03   1.104000E-03   1.104000E-03   1.104000E-03   1.104000E-03   1.104000E-03   1.104000E-03   1.104000E-03   1.104000E-03
   1.104000E-03   1.104000E-03   1.104000E-03   1.104000E-03   1.104000E-03   1.104000E-03   1.104000E-03   1.104000E-03   1.104000E-03
   1.104000E-03   1.104000E-03   1.104000E-03   1.104000E-03   1.104000E-03   1.104000E-03   1.104000E-03   1.104000E-03   1.104000E-03
   1.104000E-03   1.104000E-03   1.104000E-03   1.104000E-03   1.104000E-03   1.104000E-03   1.104000E-03   1.104000E-03   1.104000E-03
   1.104000E-03   1.104000E-03   1.104000E-03   1.104000E-03   1.104000E-03   1.104000E-03   1.104000E-03   1.104000E-03   1.104000E-03
   1.104000E-03   1.104000E-03   1.104000E-03   1.104000E-03   1.104000E-03   1.104000E-03   1.104000E-03   1.104000E-03   1.104000E-03
   1.104000E-03   1.104000E-03   1.104000E-03   1.104000E-03   1.104000E-03   1.104000E-03   1.104000E-03   1.104000E-03   1.104000E-03
   1.104000E-03   1.104000E-03   1.104000E-03   1.104000E-03   1.104000E-03   1.104000E-03   1.104000E-03   1.104000E-03   1.104000E-03
   1.104000E-03   1.104000E-03   1.104000E-03   1.104000E-03   1.104000E-03   1.104000E-03   1.104000E-03   1.104000E-03   1.104000E-03
   1.104000E-03   1.104000E-03   1.104000E-03   1.104000E-03   1.104000E-03   1.104000E-03   1.104000E-03   1.104000E-03   1.104000E-03
   1.104000E-03   1.104000E-03   1.104000E-03   1.104000E-03   1.104000E-03   1.104000E-03   1.104000E-03   1.104000E-03   1.104000E-03
   1.104000E-03   1.104000E-03   1.104000E-03   1.104000E-03   1.104000E-03   1.104000E-03   1.104000E-03   1.104000E-03   1.104000E-03
   1.104000E-03   1.104000E-03   1.104000E-03   1.104000E-03   1.104000E-03   1.104000E-03   1.104000E-03   1.104000E-03   1.104000E-03
   1.104000E-03   1.104000E-03   1.104000E-03   1.104000E-03   1.104000E-03   1.104000E-03   1.104000E-03   1.104000E-03   1.104000E-03
   1.104000E-03   1.104000E-03   1.104000E-03   1.104000E-03   1.104000E-03   1.104000E-03   1.104000E-03   1.104000E-03   1.104000E-03
   1.104000E-03   1.104000E-03   1.104000E-03   1.104000E-03   1.104000E-03   1.104000E-03   1.104000E-03   1.104000E-03   1.104000E-03
   1.104000E-03   1.104000E-03   1.104000E-03   1.104000E-03   1.104000E-03   1.104000E-03   1.104000E-03   1.104000E-03   1.104000E-03
