   5.000000E-05   5.000000E-05   5.000000E-05   5.000000E-05   5.000000E-05   5.000000E-05   5.000000E-05   5.000000E-05   5.000000E-05
   5.000000E-05   5.000000E-05   5.000000E-05   5.000000E-05   5.000000E-05   5.000000E-05   5.000000E-05   5.000000E-05   5.000000E-05
   5.000000E-05   5.000000E-05   5.000000E-05   5.000000E-05   5.000000E-05   5.000000E-05   5.000000E-05   5.000000E-05   5.000000E-05
   5.000000E-05   5.000000E-05   5.000000E-05   5.000000E-05   5.000000E-05   5.000000E-05   5.000000E-05   5.000000E-05   5.000000E-05
   5.000000E-05   5.000000E-05   5.000000E-05   5.000000E-05   5.000000E-05   5.000000E-05   5.000000E-05   5.000000E-05   5.000000E-05
   5.000000E-05   5.000000E-05   5.000000E-05   5.000000E-05   5.000000E-05   5.000000E-05   5.000000E-05   5.000000E-05   5.000000E-05
   5.000000E-05   5.000000E-05   5.000000E-05   5.000000E-05   5.000000E-05   5.000000E-05   5.000000E-05   5.000000E-05   5.000000E-05
   5.000000E-05   5.000000E-05   5.000000E-05   5.000000E-05   5.000000E-05   5.000000E-05   5.000000E-05   5.000000E-05   5.000000E-05
   5.000000E-05   5.000000E-05   5.000000E-05   5.000000E-05   5.000000E-05   5.000000E-05   5.000000E-05   5.000000E-05   5.000000E-05
   5.000000E-05   5.000000E-05   5.000000E-05   5.000000E-05   5.000000E-05   5.000000E-05   5.000000E-05   5.000000E-05   5.000000E-05
   5.000000E-05   5.000000E-05   5.000000E-05   5.000000E-05   5.000000E-05   5.000000E-05   5.000000E-05   5.000000E-05   5.000000E-05
   5.000000E-05   5.000000E-05   5.000000E-05   5.000000E-05   5.000000E-05   5.000000E-05   5.000000E-05   5.000000E-05   5.000000E-05
   5.000000E-05   5.000000E-05   5.000000E-05   5.000000E-05   5.000000E-05   5.000000E-05   5.000000E-05   5.000000E-05   5.000000E-05
   5.000000E-05   5.000000E-05   5.000000E-05   5.000000E-05   5.000000E-05   5.000000E-05   5.000000E-05   5.000000E-05   5.000000E-05
   5.000000E-05   5.000000E-05   5.000000E-05   5.000000E-05   5.000000E-05   5.000000E-05   5.000000E-05   5.000000E-05   5.000000E-05
   5.000000E-05   5.000000E-05   5.000000E-05   5.000000E-05   5.000000E-05   5.000000E-05   5.000000E-05   5.000000E-05   5.000000E-05
   5.000000E-05   5.000000E-05   5.000000E-05   5.000000E-05   5.000000E-05   5.000000E-05   5.000000E-05   5.000000E-05   5.000000E-05
   5.000000E-05   5.000000E-05   5.000000E-05   5.000000E-05   5.000000E-05   5.000000E-05   5.000000E-05   5.000000E-05   5.000000E-05
   5.000000E-05   5.000000E-05   5.000000E-05   5.000000E-05   5.000000E-05   5.000000E-05   5.000000E-05   5.000000E-05   5.000000E-05
   5.000000E-05   5.000000E-05   5.000000E-05   5.000000E-05   5.000000E-05   5.000000E-05   5.000000E-05   5.000000E-05   5.000000E-05
   5.000000E-05   5.000000E-05   5.000000E-05   5.000000E-05   5.000000E-05   5.000000E-05   5.000000E-05   5.000000E-05   5.000000E-05
