   3.000000E-03   3.000000E-03   3.000000E-03   3.000000E-03   3.000000E-03   3.000000E-03   3.000000E-03   3.000000E-03   3.000000E-03
   3.000000E-03   3.000000E-03   3.000000E-03   3.000000E-03   3.000000E-03   3.000000E-03   3.000000E-03   3.000000E-03   3.000000E-03
   3.000000E-03   3.000000E-03   3.000000E-03   3.000000E-03   3.000000E-03   3.000000E-03   3.000000E-03   3.000000E-03   3.000000E-03
   3.000000E-03   3.000000E-03   3.000000E-03   3.000000E-03   3.000000E-03   3.000000E-03   3.000000E-03   3.000000E-03   3.000000E-03
   3.000000E-03   3.000000E-03   3.000000E-03   3.000000E-03   3.000000E-03   3.000000E-03   3.000000E-03   3.000000E-03   3.000000E-03
   3.000000E-03   3.000000E-03   3.000000E-03   3.000000E-03   3.000000E-03   3.000000E-03   3.000000E-03   3.000000E-03   3.000000E-03
   3.000000E-03   3.000000E-03   3.000000E-03   3.000000E-03   3.000000E-03   3.000000E-03   3.000000E-03   3.000000E-03   3.000000E-03
   3.000000E-03   3.000000E-03   3.000000E-03   3.000000E-03   3.000000E-03   3.000000E-03   3.000000E-03   3.000000E-03   3.000000E-03
   3.000000E-03   3.000000E-03   3.000000E-03   3.000000E-03   3.000000E-03   3.000000E-03   3.000000E-03   3.000000E-03   3.000000E-03
   3.000000E-03   3.000000E-03   3.000000E-03   3.000000E-03   3.000000E-03   3.000000E-03   3.000000E-03   3.000000E-03   3.000000E-03
   3.000000E-03   3.000000E-03   3.000000E-03   3.000000E-03   3.000000E-03   3.000000E-03   3.000000E-03   3.000000E-03   3.000000E-03
   3.000000E-03   3.000000E-03   3.000000E-03   3.000000E-03   3.000000E-03   3.000000E-03   3.000000E-03   3.000000E-03   3.000000E-03
   3.000000E-03   3.000000E-03   3.000000E-03   3.000000E-03   3.000000E-03   3.000000E-03   3.000000E-03   3.000000E-03   3.000000E-03
   3.000000E-03   3.000000E-03   3.000000E-03   3.000000E-03   3.000000E-03   3.000000E-03   3.000000E-03   3.000000E-03   3.000000E-03
   3.000000E-03   3.000000E-03   3.000000E-03   3.000000E-03   3.000000E-03   3.000000E-03   3.000000E-03   3.000000E-03   3.000000E-03
   3.000000E-03   3.000000E-03   3.000000E-03   3.000000E-03   3.000000E-03   3.000000E-03   3.000000E-03   3.000000E-03   3.000000E-03
   3.000000E-03   3.000000E-03   3.000000E-03   3.000000E-03   3.000000E-03   3.000000E-03   3.000000E-03   3.000000E-03   3.000000E-03
   3.000000E-03   3.000000E-03   3.000000E-03   3.000000E-03   3.000000E-03   3.000000E-03   3.000000E-03   3.000000E-03   3.000000E-03
   3.000000E-03   3.000000E-03   3.000000E-03   3.000000E-03   3.000000E-03   3.000000E-03   3.000000E-03   3.000000E-03   3.000000E-03
   3.000000E-03   3.000000E-03   3.000000E-03   3.000000E-03   3.000000E-03   3.000000E-03   3.000000E-03   3.000000E-03   3.000000E-03
   3.000000E-03   3.000000E-03   3.000000E-03   3.000000E-03   3.000000E-03   3.000000E-03   3.000000E-03   3.000000E-03   3.000000E-03
