     980.00000000     980.00000000     980.00000000     980.00000000     980.00000000     980.00000000     980.00000000     980.00000000     980.00000000
     980.00000000     980.00000000     980.00000000     980.00000000     980.00000000     980.00000000     980.00000000     980.00000000     980.00000000
     980.00000000     980.00000000     980.00000000     980.00000000     980.00000000     980.00000000     980.00000000     980.00000000     980.00000000
     980.00000000     980.00000000     980.00000000     980.00000000     980.00000000     980.00000000     980.00000000     980.00000000     980.00000000
     980.00000000     980.00000000     980.00000000     980.00000000     980.00000000     980.00000000     980.00000000     980.00000000     980.00000000
     980.00000000     980.00000000     980.00000000     980.00000000     980.00000000     980.00000000     980.00000000     980.00000000     980.00000000
     980.00000000     980.00000000     980.00000000     980.00000000     980.00000000     980.00000000     980.00000000     980.00000000     980.00000000
     980.00000000     980.00000000     980.00000000     980.00000000     980.00000000     980.00000000     980.00000000     980.00000000     980.00000000
     980.00000000     980.00000000     980.00000000     980.00000000     980.00000000     980.00000000     980.00000000     980.00000000     980.00000000
     980.00000000     980.00000000     980.00000000     980.00000000     980.00000000     980.00000000     980.00000000     980.00000000     980.00000000
     980.00000000     980.00000000     980.00000000     980.00000000     980.00000000     980.00000000     980.00000000     980.00000000     980.00000000
     980.00000000     980.00000000     980.00000000     980.00000000     980.00000000     980.00000000     980.00000000     980.00000000     980.00000000
     980.00000000     980.00000000     980.00000000     980.00000000     980.00000000     980.00000000     980.00000000     980.00000000     980.00000000
     980.00000000     980.00000000     980.00000000     980.00000000     980.00000000     980.00000000     980.00000000     980.00000000     980.00000000
     980.00000000     980.00000000     980.00000000     980.00000000     980.00000000     980.00000000     980.00000000     980.00000000     980.00000000
     980.00000000     980.00000000     980.00000000     980.00000000     980.00000000     980.00000000     980.00000000     980.00000000     980.00000000
     980.00000000     980.00000000     980.00000000     980.00000000     980.00000000     980.00000000     980.00000000     980.00000000     980.00000000
     980.00000000     980.00000000     980.00000000     980.00000000     980.00000000     980.00000000     980.00000000     980.00000000     980.00000000
     980.00000000     980.00000000     980.00000000     980.00000000     980.00000000     980.00000000     980.00000000     980.00000000     980.00000000
     980.00000000     980.00000000     980.00000000     980.00000000     980.00000000     980.00000000     980.00000000     980.00000000     980.00000000
     980.00000000     980.00000000     980.00000000     980.00000000     980.00000000     980.00000000     980.00000000     980.00000000     980.00000000
