   4.000000E-03   4.000000E-03   4.000000E-03   4.000000E-03   4.000000E-03   4.000000E-03   4.000000E-03   4.000000E-03   4.000000E-03
   4.000000E-03   4.000000E-03   4.000000E-03   4.000000E-03   4.000000E-03   4.000000E-03   4.000000E-03   4.000000E-03   4.000000E-03
   4.000000E-03   4.000000E-03   4.000000E-03   4.000000E-03   4.000000E-03   4.000000E-03   4.000000E-03   4.000000E-03   4.000000E-03
   4.000000E-03   4.000000E-03   4.000000E-03   4.000000E-03   4.000000E-03   4.000000E-03   4.000000E-03   4.000000E-03   4.000000E-03
   4.000000E-03   4.000000E-03   4.000000E-03   4.000000E-03   4.000000E-03   4.000000E-03   4.000000E-03   4.000000E-03   4.000000E-03
   4.000000E-03   4.000000E-03   4.000000E-03   4.000000E-03   4.000000E-03   4.000000E-03   4.000000E-03   4.000000E-03   4.000000E-03
   4.000000E-03   4.000000E-03   4.000000E-03   4.000000E-03   4.000000E-03   4.000000E-03   4.000000E-03   4.000000E-03   4.000000E-03
   4.000000E-03   4.000000E-03   4.000000E-03   4.000000E-03   4.000000E-03   4.000000E-03   4.000000E-03   4.000000E-03   4.000000E-03
   4.000000E-03   4.000000E-03   4.000000E-03   4.000000E-03   4.000000E-03   4.000000E-03   4.000000E-03   4.000000E-03   4.000000E-03
   4.000000E-03   4.000000E-03   4.000000E-03   4.000000E-03   4.000000E-03   4.000000E-03   4.000000E-03   4.000000E-03   4.000000E-03
   4.000000E-03   4.000000E-03   4.000000E-03   4.000000E-03   4.000000E-03   4.000000E-03   4.000000E-03   4.000000E-03   4.000000E-03
   4.000000E-03   4.000000E-03   4.000000E-03   4.000000E-03   4.000000E-03   4.000000E-03   4.000000E-03   4.000000E-03   4.000000E-03
   4.000000E-03   4.000000E-03   4.000000E-03   4.000000E-03   4.000000E-03   4.000000E-03   4.000000E-03   4.000000E-03   4.000000E-03
   4.000000E-03   4.000000E-03   4.000000E-03   4.000000E-03   4.000000E-03   4.000000E-03   4.000000E-03   4.000000E-03   4.000000E-03
   4.000000E-03   4.000000E-03   4.000000E-03   4.000000E-03   4.000000E-03   4.000000E-03   4.000000E-03   4.000000E-03   4.000000E-03
   4.000000E-03   4.000000E-03   4.000000E-03   4.000000E-03   4.000000E-03   4.000000E-03   4.000000E-03   4.000000E-03   4.000000E-03
   4.000000E-03   4.000000E-03   4.000000E-03   4.000000E-03   4.000000E-03   4.000000E-03   4.000000E-03   4.000000E-03   4.000000E-03
   4.000000E-03   4.000000E-03   4.000000E-03   4.000000E-03   4.000000E-03   4.000000E-03   4.000000E-03   4.000000E-03   4.000000E-03
   4.000000E-03   4.000000E-03   4.000000E-03   4.000000E-03   4.000000E-03   4.000000E-03   4.000000E-03   4.000000E-03   4.000000E-03
   4.000000E-03   4.000000E-03   4.000000E-03   4.000000E-03   4.000000E-03   4.000000E-03   4.000000E-03   4.000000E-03   4.000000E-03
   4.000000E-03   4.000000E-03   4.000000E-03   4.000000E-03   4.000000E-03   4.000000E-03   4.000000E-03   4.000000E-03   4.000000E-03
