 pp_0000  1250.0 9250.0 1  1.00000000000000000000000000000000000000000000000000000000000000000000 
 pp_0001  3250.0 9250.0 1  1.00000000000000000000000000000000000000000000000000000000000000000000 
 pp_0002  1250.0 7250.0 1  1.00000000000000000000000000000000000000000000000000000000000000000000 
 pp_0003  3250.0 7250.0 1  1.00000000000000000000000000000000000000000000000000000000000000000000 
 pp_0004  1250.0 5250.0 1  1.000000000000000000000000000000000000000000000000000000000000000000000 
 pp_0005  3250.0 5250.0 1  1.000000000000000000000000000000000000000000000000000000000000000000000 
 pp_0006  1250.0 3250.0 1  1.000000000000000000000000000000000000000000000000000000000000000000000 
 pp_0007  3250.0 3250.0 1  1.000000000000000000000000000000000000000000000000000000000000000000000 
 pp_0008  1250.0 1250.0 1  1.000000000000000000000000000000000000000000000000000000000000000000000 
 pp_0009  3250.0 1250.0 1  1.000000000000000000000000000000000000000000000000000000000000000000000 
