       0.00220800       0.00220800       0.00220800       0.00220800       0.00220800       0.00220800       0.00220800       0.00220800       0.00220800
       0.00220800       0.00220800       0.00220800       0.00220800       0.00220800       0.00220800       0.00220800       0.00220800       0.00220800
       0.00220800       0.00220800       0.00220800       0.00220800       0.00220800       0.00220800       0.00220800       0.00220800       0.00220800
       0.00220800       0.00220800       0.00220800       0.00220800       0.00220800       0.00220800       0.00220800       0.00220800       0.00220800
       0.00220800       0.00220800       0.00220800       0.00220800       0.00220800       0.00220800       0.00220800       0.00220800       0.00220800
       0.00220800       0.00220800       0.00220800       0.00220800       0.00220800       0.00220800       0.00220800       0.00220800       0.00220800
       0.00220800       0.00220800       0.00220800       0.00220800       0.00220800       0.00220800       0.00220800       0.00220800       0.00220800
       0.00220800       0.00220800       0.00220800       0.00220800       0.00220800       0.00220800       0.00220800       0.00220800       0.00220800
       0.00220800       0.00220800       0.00220800       0.00220800       0.00220800       0.00220800       0.00220800       0.00220800       0.00220800
       0.00220800       0.00220800       0.00220800       0.00220800       0.00220800       0.00220800       0.00220800       0.00220800       0.00220800
       0.00220800       0.00220800       0.00220800       0.00220800       0.00220800       0.00220800       0.00220800       0.00220800       0.00220800
       0.00220800       0.00220800       0.00220800       0.00220800       0.00220800       0.00220800       0.00220800       0.00220800       0.00220800
       0.00220800       0.00220800       0.00220800       0.00220800       0.00220800       0.00220800       0.00220800       0.00220800       0.00220800
       0.00220800       0.00220800       0.00220800       0.00220800       0.00220800       0.00220800       0.00220800       0.00220800       0.00220800
       0.00220800       0.00220800       0.00220800       0.00220800       0.00220800       0.00220800       0.00220800       0.00220800       0.00220800
       0.00220800       0.00220800       0.00220800       0.00220800       0.00220800       0.00220800       0.00220800       0.00220800       0.00220800
       0.00220800       0.00220800       0.00220800       0.00220800       0.00220800       0.00220800       0.00220800       0.00220800       0.00220800
       0.00220800       0.00220800       0.00220800       0.00220800       0.00220800       0.00220800       0.00220800       0.00220800       0.00220800
       0.00220800       0.00220800       0.00220800       0.00220800       0.00220800       0.00220800       0.00220800       0.00220800       0.00220800
       0.00220800       0.00220800       0.00220800       0.00220800       0.00220800       0.00220800       0.00220800       0.00220800       0.00220800
       0.00220800       0.00220800       0.00220800       0.00220800       0.00220800       0.00220800       0.00220800       0.00220800       0.00220800
