       0.00600000       0.00600000       0.00600000       0.00600000       0.00600000       0.00600000       0.00600000       0.00600000       0.00600000
       0.00600000       0.00600000       0.00600000       0.00600000       0.00600000       0.00600000       0.00600000       0.00600000       0.00600000
       0.00600000       0.00600000       0.00600000       0.00600000       0.00600000       0.00600000       0.00600000       0.00600000       0.00600000
       0.00600000       0.00600000       0.00600000       0.00600000       0.00600000       0.00600000       0.00600000       0.00600000       0.00600000
       0.00600000       0.00600000       0.00600000       0.00600000       0.00600000       0.00600000       0.00600000       0.00600000       0.00600000
       0.00600000       0.00600000       0.00600000       0.00600000       0.00600000       0.00600000       0.00600000       0.00600000       0.00600000
       0.00600000       0.00600000       0.00600000       0.00600000       0.00600000       0.00600000       0.00600000       0.00600000       0.00600000
       0.00600000       0.00600000       0.00600000       0.00600000       0.00600000       0.00600000       0.00600000       0.00600000       0.00600000
       0.00600000       0.00600000       0.00600000       0.00600000       0.00600000       0.00600000       0.00600000       0.00600000       0.00600000
       0.00600000       0.00600000       0.00600000       0.00600000       0.00600000       0.00600000       0.00600000       0.00600000       0.00600000
       0.00600000       0.00600000       0.00600000       0.00600000       0.00600000       0.00600000       0.00600000       0.00600000       0.00600000
       0.00600000       0.00600000       0.00600000       0.00600000       0.00600000       0.00600000       0.00600000       0.00600000       0.00600000
       0.00600000       0.00600000       0.00600000       0.00600000       0.00600000       0.00600000       0.00600000       0.00600000       0.00600000
       0.00600000       0.00600000       0.00600000       0.00600000       0.00600000       0.00600000       0.00600000       0.00600000       0.00600000
       0.00600000       0.00600000       0.00600000       0.00600000       0.00600000       0.00600000       0.00600000       0.00600000       0.00600000
       0.00600000       0.00600000       0.00600000       0.00600000       0.00600000       0.00600000       0.00600000       0.00600000       0.00600000
       0.00600000       0.00600000       0.00600000       0.00600000       0.00600000       0.00600000       0.00600000       0.00600000       0.00600000
       0.00600000       0.00600000       0.00600000       0.00600000       0.00600000       0.00600000       0.00600000       0.00600000       0.00600000
       0.00600000       0.00600000       0.00600000       0.00600000       0.00600000       0.00600000       0.00600000       0.00600000       0.00600000
       0.00600000       0.00600000       0.00600000       0.00600000       0.00600000       0.00600000       0.00600000       0.00600000       0.00600000
       0.00600000       0.00600000       0.00600000       0.00600000       0.00600000       0.00600000       0.00600000       0.00600000       0.00600000
