  5.00000000E-04  5.00000000E-04  5.00000000E-04  5.00000000E-04  5.00000000E-04  5.00000000E-04  5.00000000E-04  5.00000000E-04  5.00000000E-04
  5.00000000E-04  5.00000000E-04  5.00000000E-04  5.00000000E-04  5.00000000E-04  5.00000000E-04  5.00000000E-04  5.00000000E-04  5.00000000E-04
  5.00000000E-04  5.00000000E-04  5.00000000E-04  5.00000000E-04  5.00000000E-04  5.00000000E-04  5.00000000E-04  5.00000000E-04  5.00000000E-04
  5.00000000E-04  5.00000000E-04  5.00000000E-04  5.00000000E-04  5.00000000E-04  5.00000000E-04  5.00000000E-04  5.00000000E-04  5.00000000E-04
  5.00000000E-04  5.00000000E-04  5.00000000E-04  5.00000000E-04  5.00000000E-04  5.00000000E-04  5.00000000E-04  5.00000000E-04  5.00000000E-04
  5.00000000E-04  5.00000000E-04  5.00000000E-04  5.00000000E-04  5.00000000E-04  5.00000000E-04  5.00000000E-04  5.00000000E-04  5.00000000E-04
  5.00000000E-04  5.00000000E-04  5.00000000E-04  5.00000000E-04  5.00000000E-04  5.00000000E-04  5.00000000E-04  5.00000000E-04  5.00000000E-04
  5.00000000E-04  5.00000000E-04  5.00000000E-04  5.00000000E-04  5.00000000E-04  5.00000000E-04  5.00000000E-04  5.00000000E-04  5.00000000E-04
  5.00000000E-04  5.00000000E-04  5.00000000E-04  5.00000000E-04  5.00000000E-04  5.00000000E-04  5.00000000E-04  5.00000000E-04  5.00000000E-04
  5.00000000E-04  5.00000000E-04  5.00000000E-04  5.00000000E-04  5.00000000E-04  5.00000000E-04  5.00000000E-04  5.00000000E-04  5.00000000E-04
  5.00000000E-04  5.00000000E-04  5.00000000E-04  5.00000000E-04  5.00000000E-04  5.00000000E-04  5.00000000E-04  5.00000000E-04  5.00000000E-04
  5.00000000E-04  5.00000000E-04  5.00000000E-04  5.00000000E-04  5.00000000E-04  5.00000000E-04  5.00000000E-04  5.00000000E-04  5.00000000E-04
  5.00000000E-04  5.00000000E-04  5.00000000E-04  5.00000000E-04  5.00000000E-04  5.00000000E-04  5.00000000E-04  5.00000000E-04  5.00000000E-04
  5.00000000E-04  5.00000000E-04  5.00000000E-04  5.00000000E-04  5.00000000E-04  5.00000000E-04  5.00000000E-04  5.00000000E-04  5.00000000E-04
  5.00000000E-04  5.00000000E-04  5.00000000E-04  5.00000000E-04  5.00000000E-04  5.00000000E-04  5.00000000E-04  5.00000000E-04  5.00000000E-04
  5.00000000E-04  5.00000000E-04  5.00000000E-04  5.00000000E-04  5.00000000E-04  5.00000000E-04  5.00000000E-04  5.00000000E-04  5.00000000E-04
  5.00000000E-04  5.00000000E-04  5.00000000E-04  5.00000000E-04  5.00000000E-04  5.00000000E-04  5.00000000E-04  5.00000000E-04  5.00000000E-04
  5.00000000E-04  5.00000000E-04  5.00000000E-04  5.00000000E-04  5.00000000E-04  5.00000000E-04  5.00000000E-04  5.00000000E-04  5.00000000E-04
  5.00000000E-04  5.00000000E-04  5.00000000E-04  5.00000000E-04  5.00000000E-04  5.00000000E-04  5.00000000E-04  5.00000000E-04  5.00000000E-04
  5.00000000E-04  5.00000000E-04  5.00000000E-04  5.00000000E-04  5.00000000E-04  5.00000000E-04  5.00000000E-04  5.00000000E-04  5.00000000E-04
  5.00000000E-04  5.00000000E-04  5.00000000E-04  5.00000000E-04  5.00000000E-04  5.00000000E-04  5.00000000E-04  5.00000000E-04  5.00000000E-04
