       0.00300000       0.00300000       0.00300000       0.00300000       0.00300000       0.00300000       0.00300000       0.00300000       0.00300000
       0.00300000       0.00300000       0.00300000       0.00300000       0.00300000       0.00300000       0.00300000       0.00300000       0.00300000
       0.00300000       0.00300000       0.00300000       0.00300000       0.00300000       0.00300000       0.00300000       0.00300000       0.00300000
       0.00300000       0.00300000       0.00300000       0.00300000       0.00300000       0.00300000       0.00300000       0.00300000       0.00300000
       0.00300000       0.00300000       0.00300000       0.00300000       0.00300000       0.00300000       0.00300000       0.00300000       0.00300000
       0.00300000       0.00300000       0.00300000       0.00300000       0.00300000       0.00300000       0.00300000       0.00300000       0.00300000
       0.00300000       0.00300000       0.00300000       0.00300000       0.00300000       0.00300000       0.00300000       0.00300000       0.00300000
       0.00300000       0.00300000       0.00300000       0.00300000       0.00300000       0.00300000       0.00300000       0.00300000       0.00300000
       0.00300000       0.00300000       0.00300000       0.00300000       0.00300000       0.00300000       0.00300000       0.00300000       0.00300000
       0.00300000       0.00300000       0.00300000       0.00300000       0.00300000       0.00300000       0.00300000       0.00300000       0.00300000
       0.00300000       0.00300000       0.00300000       0.00300000       0.00300000       0.00300000       0.00300000       0.00300000       0.00300000
       0.00300000       0.00300000       0.00300000       0.00300000       0.00300000       0.00300000       0.00300000       0.00300000       0.00300000
       0.00300000       0.00300000       0.00300000       0.00300000       0.00300000       0.00300000       0.00300000       0.00300000       0.00300000
       0.00300000       0.00300000       0.00300000       0.00300000       0.00300000       0.00300000       0.00300000       0.00300000       0.00300000
       0.00300000       0.00300000       0.00300000       0.00300000       0.00300000       0.00300000       0.00300000       0.00300000       0.00300000
       0.00300000       0.00300000       0.00300000       0.00300000       0.00300000       0.00300000       0.00300000       0.00300000       0.00300000
       0.00300000       0.00300000       0.00300000       0.00300000       0.00300000       0.00300000       0.00300000       0.00300000       0.00300000
       0.00300000       0.00300000       0.00300000       0.00300000       0.00300000       0.00300000       0.00300000       0.00300000       0.00300000
       0.00300000       0.00300000       0.00300000       0.00300000       0.00300000       0.00300000       0.00300000       0.00300000       0.00300000
       0.00300000       0.00300000       0.00300000       0.00300000       0.00300000       0.00300000       0.00300000       0.00300000       0.00300000
       0.00300000       0.00300000       0.00300000       0.00300000       0.00300000       0.00300000       0.00300000       0.00300000       0.00300000
