       0.00200000       0.00200000       0.00200000       0.00200000       0.00200000       0.00200000       0.00200000       0.00200000       0.00200000
       0.00200000       0.00200000       0.00200000       0.00200000       0.00200000       0.00200000       0.00200000       0.00200000       0.00200000
       0.00200000       0.00200000       0.00200000       0.00200000       0.00200000       0.00200000       0.00200000       0.00200000       0.00200000
       0.00200000       0.00200000       0.00200000       0.00200000       0.00200000       0.00200000       0.00200000       0.00200000       0.00200000
       0.00200000       0.00200000       0.00200000       0.00200000       0.00200000       0.00200000       0.00200000       0.00200000       0.00200000
       0.00200000       0.00200000       0.00200000       0.00200000       0.00200000       0.00200000       0.00200000       0.00200000       0.00200000
       0.00200000       0.00200000       0.00200000       0.00200000       0.00200000       0.00200000       0.00200000       0.00200000       0.00200000
       0.00200000       0.00200000       0.00200000       0.00200000       0.00200000       0.00200000       0.00200000       0.00200000       0.00200000
       0.00200000       0.00200000       0.00200000       0.00200000       0.00200000       0.00200000       0.00200000       0.00200000       0.00200000
       0.00200000       0.00200000       0.00200000       0.00200000       0.00200000       0.00200000       0.00200000       0.00200000       0.00200000
       0.00200000       0.00200000       0.00200000       0.00200000       0.00200000       0.00200000       0.00200000       0.00200000       0.00200000
       0.00200000       0.00200000       0.00200000       0.00200000       0.00200000       0.00200000       0.00200000       0.00200000       0.00200000
       0.00200000       0.00200000       0.00200000       0.00200000       0.00200000       0.00200000       0.00200000       0.00200000       0.00200000
       0.00200000       0.00200000       0.00200000       0.00200000       0.00200000       0.00200000       0.00200000       0.00200000       0.00200000
       0.00200000       0.00200000       0.00200000       0.00200000       0.00200000       0.00200000       0.00200000       0.00200000       0.00200000
       0.00200000       0.00200000       0.00200000       0.00200000       0.00200000       0.00200000       0.00200000       0.00200000       0.00200000
       0.00200000       0.00200000       0.00200000       0.00200000       0.00200000       0.00200000       0.00200000       0.00200000       0.00200000
       0.00200000       0.00200000       0.00200000       0.00200000       0.00200000       0.00200000       0.00200000       0.00200000       0.00200000
       0.00200000       0.00200000       0.00200000       0.00200000       0.00200000       0.00200000       0.00200000       0.00200000       0.00200000
       0.00200000       0.00200000       0.00200000       0.00200000       0.00200000       0.00200000       0.00200000       0.00200000       0.00200000
       0.00200000       0.00200000       0.00200000       0.00200000       0.00200000       0.00200000       0.00200000       0.00200000       0.00200000
