       0.00800000       0.00800000       0.00800000       0.00800000       0.00800000       0.00800000       0.00800000       0.00800000       0.00800000
       0.00800000       0.00800000       0.00800000       0.00800000       0.00800000       0.00800000       0.00800000       0.00800000       0.00800000
       0.00800000       0.00800000       0.00800000       0.00800000       0.00800000       0.00800000       0.00800000       0.00800000       0.00800000
       0.00800000       0.00800000       0.00800000       0.00800000       0.00800000       0.00800000       0.00800000       0.00800000       0.00800000
       0.00800000       0.00800000       0.00800000       0.00800000       0.00800000       0.00800000       0.00800000       0.00800000       0.00800000
       0.00800000       0.00800000       0.00800000       0.00800000       0.00800000       0.00800000       0.00800000       0.00800000       0.00800000
       0.00800000       0.00800000       0.00800000       0.00800000       0.00800000       0.00800000       0.00800000       0.00800000       0.00800000
       0.00800000       0.00800000       0.00800000       0.00800000       0.00800000       0.00800000       0.00800000       0.00800000       0.00800000
       0.00800000       0.00800000       0.00800000       0.00800000       0.00800000       0.00800000       0.00800000       0.00800000       0.00800000
       0.00800000       0.00800000       0.00800000       0.00800000       0.00800000       0.00800000       0.00800000       0.00800000       0.00800000
       0.00800000       0.00800000       0.00800000       0.00800000       0.00800000       0.00800000       0.00800000       0.00800000       0.00800000
       0.00800000       0.00800000       0.00800000       0.00800000       0.00800000       0.00800000       0.00800000       0.00800000       0.00800000
       0.00800000       0.00800000       0.00800000       0.00800000       0.00800000       0.00800000       0.00800000       0.00800000       0.00800000
       0.00800000       0.00800000       0.00800000       0.00800000       0.00800000       0.00800000       0.00800000       0.00800000       0.00800000
       0.00800000       0.00800000       0.00800000       0.00800000       0.00800000       0.00800000       0.00800000       0.00800000       0.00800000
       0.00800000       0.00800000       0.00800000       0.00800000       0.00800000       0.00800000       0.00800000       0.00800000       0.00800000
       0.00800000       0.00800000       0.00800000       0.00800000       0.00800000       0.00800000       0.00800000       0.00800000       0.00800000
       0.00800000       0.00800000       0.00800000       0.00800000       0.00800000       0.00800000       0.00800000       0.00800000       0.00800000
       0.00800000       0.00800000       0.00800000       0.00800000       0.00800000       0.00800000       0.00800000       0.00800000       0.00800000
       0.00800000       0.00800000       0.00800000       0.00800000       0.00800000       0.00800000       0.00800000       0.00800000       0.00800000
       0.00800000       0.00800000       0.00800000       0.00800000       0.00800000       0.00800000       0.00800000       0.00800000       0.00800000
