2.000000000000000042e-03 2.000000000000000042e-03 2.000000000000000042e-03 2.000000000000000042e-03 2.000000000000000042e-03 2.000000000000000042e-03 2.000000000000000042e-03 2.000000000000000042e-03 2.000000000000000042e-03
2.000000000000000042e-03 2.000000000000000042e-03 2.000000000000000042e-03 2.000000000000000042e-03 2.000000000000000042e-03 2.000000000000000042e-03 2.000000000000000042e-03 2.000000000000000042e-03 2.000000000000000042e-03
2.000000000000000042e-03 2.000000000000000042e-03 2.000000000000000042e-03 2.000000000000000042e-03 2.000000000000000042e-03 2.000000000000000042e-03 2.000000000000000042e-03 2.000000000000000042e-03 2.000000000000000042e-03
2.000000000000000042e-03 2.000000000000000042e-03 2.000000000000000042e-03 2.000000000000000042e-03 2.000000000000000042e-03 2.000000000000000042e-03 2.000000000000000042e-03 2.000000000000000042e-03 2.000000000000000042e-03
2.000000000000000042e-03 2.000000000000000042e-03 2.000000000000000042e-03 2.000000000000000042e-03 2.000000000000000042e-03 2.000000000000000042e-03 2.000000000000000042e-03 2.000000000000000042e-03 2.000000000000000042e-03
2.000000000000000042e-03 2.000000000000000042e-03 2.000000000000000042e-03 2.000000000000000042e-03 2.000000000000000042e-03 2.000000000000000042e-03 2.000000000000000042e-03 2.000000000000000042e-03 2.000000000000000042e-03
2.000000000000000042e-03 2.000000000000000042e-03 2.000000000000000042e-03 2.000000000000000042e-03 2.000000000000000042e-03 2.000000000000000042e-03 2.000000000000000042e-03 2.000000000000000042e-03 2.000000000000000042e-03
2.000000000000000042e-03 2.000000000000000042e-03 2.000000000000000042e-03 2.000000000000000042e-03 2.000000000000000042e-03 2.000000000000000042e-03 2.000000000000000042e-03 2.000000000000000042e-03 2.000000000000000042e-03
2.000000000000000042e-03 2.000000000000000042e-03 2.000000000000000042e-03 2.000000000000000042e-03 2.000000000000000042e-03 2.000000000000000042e-03 2.000000000000000042e-03 2.000000000000000042e-03 2.000000000000000042e-03
2.000000000000000042e-03 2.000000000000000042e-03 2.000000000000000042e-03 2.000000000000000042e-03 2.000000000000000042e-03 2.000000000000000042e-03 2.000000000000000042e-03 2.000000000000000042e-03 2.000000000000000042e-03
2.000000000000000042e-03 2.000000000000000042e-03 2.000000000000000042e-03 2.000000000000000042e-03 2.000000000000000042e-03 2.000000000000000042e-03 2.000000000000000042e-03 2.000000000000000042e-03 2.000000000000000042e-03
2.000000000000000042e-03 2.000000000000000042e-03 2.000000000000000042e-03 2.000000000000000042e-03 2.000000000000000042e-03 2.000000000000000042e-03 2.000000000000000042e-03 2.000000000000000042e-03 2.000000000000000042e-03
2.000000000000000042e-03 2.000000000000000042e-03 2.000000000000000042e-03 2.000000000000000042e-03 2.000000000000000042e-03 2.000000000000000042e-03 2.000000000000000042e-03 2.000000000000000042e-03 2.000000000000000042e-03
2.000000000000000042e-03 2.000000000000000042e-03 2.000000000000000042e-03 2.000000000000000042e-03 2.000000000000000042e-03 2.000000000000000042e-03 2.000000000000000042e-03 2.000000000000000042e-03 2.000000000000000042e-03
2.000000000000000042e-03 2.000000000000000042e-03 2.000000000000000042e-03 2.000000000000000042e-03 2.000000000000000042e-03 2.000000000000000042e-03 2.000000000000000042e-03 2.000000000000000042e-03 2.000000000000000042e-03
2.000000000000000042e-03 2.000000000000000042e-03 2.000000000000000042e-03 2.000000000000000042e-03 2.000000000000000042e-03 2.000000000000000042e-03 2.000000000000000042e-03 2.000000000000000042e-03 2.000000000000000042e-03
2.000000000000000042e-03 2.000000000000000042e-03 2.000000000000000042e-03 2.000000000000000042e-03 2.000000000000000042e-03 2.000000000000000042e-03 2.000000000000000042e-03 2.000000000000000042e-03 2.000000000000000042e-03
2.000000000000000042e-03 2.000000000000000042e-03 2.000000000000000042e-03 2.000000000000000042e-03 2.000000000000000042e-03 2.000000000000000042e-03 2.000000000000000042e-03 2.000000000000000042e-03 2.000000000000000042e-03
2.000000000000000042e-03 2.000000000000000042e-03 2.000000000000000042e-03 2.000000000000000042e-03 2.000000000000000042e-03 2.000000000000000042e-03 2.000000000000000042e-03 2.000000000000000042e-03 2.000000000000000042e-03
2.000000000000000042e-03 2.000000000000000042e-03 2.000000000000000042e-03 2.000000000000000042e-03 2.000000000000000042e-03 2.000000000000000042e-03 2.000000000000000042e-03 2.000000000000000042e-03 2.000000000000000042e-03
2.000000000000000042e-03 2.000000000000000042e-03 2.000000000000000042e-03 2.000000000000000042e-03 2.000000000000000042e-03 2.000000000000000042e-03 2.000000000000000042e-03 2.000000000000000042e-03 2.000000000000000042e-03
