6.000000000000000125e-03 6.000000000000000125e-03 6.000000000000000125e-03 6.000000000000000125e-03 6.000000000000000125e-03 6.000000000000000125e-03 6.000000000000000125e-03 6.000000000000000125e-03 6.000000000000000125e-03
6.000000000000000125e-03 6.000000000000000125e-03 6.000000000000000125e-03 6.000000000000000125e-03 6.000000000000000125e-03 6.000000000000000125e-03 6.000000000000000125e-03 6.000000000000000125e-03 6.000000000000000125e-03
6.000000000000000125e-03 6.000000000000000125e-03 6.000000000000000125e-03 6.000000000000000125e-03 6.000000000000000125e-03 6.000000000000000125e-03 6.000000000000000125e-03 6.000000000000000125e-03 6.000000000000000125e-03
6.000000000000000125e-03 6.000000000000000125e-03 6.000000000000000125e-03 6.000000000000000125e-03 6.000000000000000125e-03 6.000000000000000125e-03 6.000000000000000125e-03 6.000000000000000125e-03 6.000000000000000125e-03
6.000000000000000125e-03 6.000000000000000125e-03 6.000000000000000125e-03 6.000000000000000125e-03 6.000000000000000125e-03 6.000000000000000125e-03 6.000000000000000125e-03 6.000000000000000125e-03 6.000000000000000125e-03
6.000000000000000125e-03 6.000000000000000125e-03 6.000000000000000125e-03 6.000000000000000125e-03 6.000000000000000125e-03 6.000000000000000125e-03 6.000000000000000125e-03 6.000000000000000125e-03 6.000000000000000125e-03
6.000000000000000125e-03 6.000000000000000125e-03 6.000000000000000125e-03 6.000000000000000125e-03 6.000000000000000125e-03 6.000000000000000125e-03 6.000000000000000125e-03 6.000000000000000125e-03 6.000000000000000125e-03
6.000000000000000125e-03 6.000000000000000125e-03 6.000000000000000125e-03 6.000000000000000125e-03 6.000000000000000125e-03 6.000000000000000125e-03 6.000000000000000125e-03 6.000000000000000125e-03 6.000000000000000125e-03
6.000000000000000125e-03 6.000000000000000125e-03 6.000000000000000125e-03 6.000000000000000125e-03 6.000000000000000125e-03 6.000000000000000125e-03 6.000000000000000125e-03 6.000000000000000125e-03 6.000000000000000125e-03
6.000000000000000125e-03 6.000000000000000125e-03 6.000000000000000125e-03 6.000000000000000125e-03 6.000000000000000125e-03 6.000000000000000125e-03 6.000000000000000125e-03 6.000000000000000125e-03 6.000000000000000125e-03
6.000000000000000125e-03 6.000000000000000125e-03 6.000000000000000125e-03 6.000000000000000125e-03 6.000000000000000125e-03 6.000000000000000125e-03 6.000000000000000125e-03 6.000000000000000125e-03 6.000000000000000125e-03
6.000000000000000125e-03 6.000000000000000125e-03 6.000000000000000125e-03 6.000000000000000125e-03 6.000000000000000125e-03 6.000000000000000125e-03 6.000000000000000125e-03 6.000000000000000125e-03 6.000000000000000125e-03
6.000000000000000125e-03 6.000000000000000125e-03 6.000000000000000125e-03 6.000000000000000125e-03 6.000000000000000125e-03 6.000000000000000125e-03 6.000000000000000125e-03 6.000000000000000125e-03 6.000000000000000125e-03
6.000000000000000125e-03 6.000000000000000125e-03 6.000000000000000125e-03 6.000000000000000125e-03 6.000000000000000125e-03 6.000000000000000125e-03 6.000000000000000125e-03 6.000000000000000125e-03 6.000000000000000125e-03
6.000000000000000125e-03 6.000000000000000125e-03 6.000000000000000125e-03 6.000000000000000125e-03 6.000000000000000125e-03 6.000000000000000125e-03 6.000000000000000125e-03 6.000000000000000125e-03 6.000000000000000125e-03
6.000000000000000125e-03 6.000000000000000125e-03 6.000000000000000125e-03 6.000000000000000125e-03 6.000000000000000125e-03 6.000000000000000125e-03 6.000000000000000125e-03 6.000000000000000125e-03 6.000000000000000125e-03
6.000000000000000125e-03 6.000000000000000125e-03 6.000000000000000125e-03 6.000000000000000125e-03 6.000000000000000125e-03 6.000000000000000125e-03 6.000000000000000125e-03 6.000000000000000125e-03 6.000000000000000125e-03
6.000000000000000125e-03 6.000000000000000125e-03 6.000000000000000125e-03 6.000000000000000125e-03 6.000000000000000125e-03 6.000000000000000125e-03 6.000000000000000125e-03 6.000000000000000125e-03 6.000000000000000125e-03
6.000000000000000125e-03 6.000000000000000125e-03 6.000000000000000125e-03 6.000000000000000125e-03 6.000000000000000125e-03 6.000000000000000125e-03 6.000000000000000125e-03 6.000000000000000125e-03 6.000000000000000125e-03
6.000000000000000125e-03 6.000000000000000125e-03 6.000000000000000125e-03 6.000000000000000125e-03 6.000000000000000125e-03 6.000000000000000125e-03 6.000000000000000125e-03 6.000000000000000125e-03 6.000000000000000125e-03
6.000000000000000125e-03 6.000000000000000125e-03 6.000000000000000125e-03 6.000000000000000125e-03 6.000000000000000125e-03 6.000000000000000125e-03 6.000000000000000125e-03 6.000000000000000125e-03 6.000000000000000125e-03
