8.000000000000000167e-03 8.000000000000000167e-03 8.000000000000000167e-03 8.000000000000000167e-03 8.000000000000000167e-03 8.000000000000000167e-03 8.000000000000000167e-03 8.000000000000000167e-03 8.000000000000000167e-03
8.000000000000000167e-03 8.000000000000000167e-03 8.000000000000000167e-03 8.000000000000000167e-03 8.000000000000000167e-03 8.000000000000000167e-03 8.000000000000000167e-03 8.000000000000000167e-03 8.000000000000000167e-03
8.000000000000000167e-03 8.000000000000000167e-03 8.000000000000000167e-03 8.000000000000000167e-03 8.000000000000000167e-03 8.000000000000000167e-03 8.000000000000000167e-03 8.000000000000000167e-03 8.000000000000000167e-03
8.000000000000000167e-03 8.000000000000000167e-03 8.000000000000000167e-03 8.000000000000000167e-03 8.000000000000000167e-03 8.000000000000000167e-03 8.000000000000000167e-03 8.000000000000000167e-03 8.000000000000000167e-03
8.000000000000000167e-03 8.000000000000000167e-03 8.000000000000000167e-03 8.000000000000000167e-03 8.000000000000000167e-03 8.000000000000000167e-03 8.000000000000000167e-03 8.000000000000000167e-03 8.000000000000000167e-03
8.000000000000000167e-03 8.000000000000000167e-03 8.000000000000000167e-03 8.000000000000000167e-03 8.000000000000000167e-03 8.000000000000000167e-03 8.000000000000000167e-03 8.000000000000000167e-03 8.000000000000000167e-03
8.000000000000000167e-03 8.000000000000000167e-03 8.000000000000000167e-03 8.000000000000000167e-03 8.000000000000000167e-03 8.000000000000000167e-03 8.000000000000000167e-03 8.000000000000000167e-03 8.000000000000000167e-03
8.000000000000000167e-03 8.000000000000000167e-03 8.000000000000000167e-03 8.000000000000000167e-03 8.000000000000000167e-03 8.000000000000000167e-03 8.000000000000000167e-03 8.000000000000000167e-03 8.000000000000000167e-03
8.000000000000000167e-03 8.000000000000000167e-03 8.000000000000000167e-03 8.000000000000000167e-03 8.000000000000000167e-03 8.000000000000000167e-03 8.000000000000000167e-03 8.000000000000000167e-03 8.000000000000000167e-03
8.000000000000000167e-03 8.000000000000000167e-03 8.000000000000000167e-03 8.000000000000000167e-03 8.000000000000000167e-03 8.000000000000000167e-03 8.000000000000000167e-03 8.000000000000000167e-03 8.000000000000000167e-03
8.000000000000000167e-03 8.000000000000000167e-03 8.000000000000000167e-03 8.000000000000000167e-03 8.000000000000000167e-03 8.000000000000000167e-03 8.000000000000000167e-03 8.000000000000000167e-03 8.000000000000000167e-03
8.000000000000000167e-03 8.000000000000000167e-03 8.000000000000000167e-03 8.000000000000000167e-03 8.000000000000000167e-03 8.000000000000000167e-03 8.000000000000000167e-03 8.000000000000000167e-03 8.000000000000000167e-03
8.000000000000000167e-03 8.000000000000000167e-03 8.000000000000000167e-03 8.000000000000000167e-03 8.000000000000000167e-03 8.000000000000000167e-03 8.000000000000000167e-03 8.000000000000000167e-03 8.000000000000000167e-03
8.000000000000000167e-03 8.000000000000000167e-03 8.000000000000000167e-03 8.000000000000000167e-03 8.000000000000000167e-03 8.000000000000000167e-03 8.000000000000000167e-03 8.000000000000000167e-03 8.000000000000000167e-03
8.000000000000000167e-03 8.000000000000000167e-03 8.000000000000000167e-03 8.000000000000000167e-03 8.000000000000000167e-03 8.000000000000000167e-03 8.000000000000000167e-03 8.000000000000000167e-03 8.000000000000000167e-03
8.000000000000000167e-03 8.000000000000000167e-03 8.000000000000000167e-03 8.000000000000000167e-03 8.000000000000000167e-03 8.000000000000000167e-03 8.000000000000000167e-03 8.000000000000000167e-03 8.000000000000000167e-03
8.000000000000000167e-03 8.000000000000000167e-03 8.000000000000000167e-03 8.000000000000000167e-03 8.000000000000000167e-03 8.000000000000000167e-03 8.000000000000000167e-03 8.000000000000000167e-03 8.000000000000000167e-03
8.000000000000000167e-03 8.000000000000000167e-03 8.000000000000000167e-03 8.000000000000000167e-03 8.000000000000000167e-03 8.000000000000000167e-03 8.000000000000000167e-03 8.000000000000000167e-03 8.000000000000000167e-03
8.000000000000000167e-03 8.000000000000000167e-03 8.000000000000000167e-03 8.000000000000000167e-03 8.000000000000000167e-03 8.000000000000000167e-03 8.000000000000000167e-03 8.000000000000000167e-03 8.000000000000000167e-03
8.000000000000000167e-03 8.000000000000000167e-03 8.000000000000000167e-03 8.000000000000000167e-03 8.000000000000000167e-03 8.000000000000000167e-03 8.000000000000000167e-03 8.000000000000000167e-03 8.000000000000000167e-03
8.000000000000000167e-03 8.000000000000000167e-03 8.000000000000000167e-03 8.000000000000000167e-03 8.000000000000000167e-03 8.000000000000000167e-03 8.000000000000000167e-03 8.000000000000000167e-03 8.000000000000000167e-03
